MEME version 4.6.1

ALPHABET= ACGT

strands: + -

MOTIF DORSAL_Cande_and_Levine
log-odds matrix: alength= 4 w= 10

				

-6.64385619	-6.64385619	2	-6.64385619-6.64385619	-6.64385619	2	-6.64385619-2	-6.64385619	1.584962501	-0.4150374991.169925001	-6.64385619	-6.64385619	0.8073549221.169925001	-6.64385619	-6.64385619	0.8073549220	-6.64385619	-6.64385619	1.584962501-2	0	-6.64385619	1.459431619-6.64385619	2	-6.64385619	-6.64385619-6.64385619	1.906890596	-6.64385619	-2-0.192645078	1.321928095	-0.678071905	-6.64385619


