MEME version 4.6.1

ALPHABET= ACGT

strands: + -

MOTIF DORSAL_Cande_and_Levine
log-odds matrix: alength= 4 w= 10

				

-2.247927513	-0.247927513	1.211504105	-0.662965013-0.247927513	-1.247927513	1.452512205	-6.64385619-1.662965013	-6.64385619	1.839535328	-3.2479275131.796466606	-3.247927513	-1.247927513	-6.643856191.839535328	-2.247927513	-6.64385619	-2.2479275131.921997488	-6.64385619	-3.247927513	-3.2479275131.337034987	-3.247927513	-2.247927513	0.211504105-1.247927513	0.337034987	-1.662965013	1-0.247927513	1.275634443	-2.247927513	-0.925999419-0.247927513	1.337034987	-1.247927513	-2.247927513


