
MEME version 4.6.1

ALPHABET= ACGT

strands: + -

MOTIF TWIST_Cande_and_Levine
log-odds matrix: alength= 4 w= 11

				

	
0.548011365	0.212408333	-0.787591667	-0.3219280951.434800754	-0.425021588	-0.857980995	-6.64385619-6.64385619	1.969838029	-3.594946589	-6.643856191.959642262	-5.17990909	-3.594946589	-6.64385619-6.64385619	0.405053411	-2.372554168	1.3119440061.478302393	-1.594946589	-0.17990909	-6.64385619-6.64385619	-6.64385619	-6.64385619	2-6.64385619	-6.64385619	2	-6.64385619-4.17990909	-2.009984089	0.8861801	0.8861801-3.594946589	-1.009984089	-0.372554168	1.405053411-0.425021588	-0.857980995	1.263034406	-1.720477471




